<CoordinateSystem> { Z-up } 
<Material> default.003 {
  <Scalar> diffr { 1.000000 }
  <Scalar> diffg { 1.000000 }
  <Scalar> diffb { 1.000000 }
  <Scalar> specr { 0.000000 }
  <Scalar> specg { 0.000000 }
  <Scalar> specb { 0.000000 }
  <Scalar> shininess { 0.25 }
  <Scalar> ambr { 1.000000 }
  <Scalar> ambg { 1.000000 }
  <Scalar> ambb { 1.000000 }
  <Scalar> emitr { 0.000000 }
  <Scalar> emitg { 0.000000 }
  <Scalar> emitb { 0.000000 }
}

<Material> default.005 {
  <Scalar> diffr { 1.000000 }
  <Scalar> diffg { 1.000000 }
  <Scalar> diffb { 1.000000 }
  <Scalar> specr { 0.000000 }
  <Scalar> specg { 0.000000 }
  <Scalar> specb { 0.000000 }
  <Scalar> shininess { 0.25 }
  <Scalar> ambr { 1.000000 }
  <Scalar> ambg { 1.000000 }
  <Scalar> ambb { 1.000000 }
  <Scalar> emitr { 0.000000 }
  <Scalar> emitg { 0.000000 }
  <Scalar> emitb { 0.000000 }
}

<Material> default.001 {
  <Scalar> diffr { 1.000000 }
  <Scalar> diffg { 1.000000 }
  <Scalar> diffb { 1.000000 }
  <Scalar> specr { 0.000000 }
  <Scalar> specg { 0.000000 }
  <Scalar> specb { 0.000000 }
  <Scalar> shininess { 0.25 }
  <Scalar> ambr { 1.000000 }
  <Scalar> ambg { 1.000000 }
  <Scalar> ambb { 1.000000 }
  <Scalar> emitr { 0.000000 }
  <Scalar> emitg { 0.000000 }
  <Scalar> emitb { 0.000000 }
}

<Material> default.004 {
  <Scalar> diffr { 1.000000 }
  <Scalar> diffg { 1.000000 }
  <Scalar> diffb { 1.000000 }
  <Scalar> specr { 0.000000 }
  <Scalar> specg { 0.000000 }
  <Scalar> specb { 0.000000 }
  <Scalar> shininess { 0.25 }
  <Scalar> ambr { 1.000000 }
  <Scalar> ambg { 1.000000 }
  <Scalar> ambb { 1.000000 }
  <Scalar> emitr { 0.000000 }
  <Scalar> emitg { 0.000000 }
  <Scalar> emitb { 0.000000 }
}

<Material> default {
  <Scalar> diffr { 1.000000 }
  <Scalar> diffg { 1.000000 }
  <Scalar> diffb { 1.000000 }
  <Scalar> specr { 0.000000 }
  <Scalar> specg { 0.000000 }
  <Scalar> specb { 0.000000 }
  <Scalar> shininess { 0.25 }
  <Scalar> ambr { 1.000000 }
  <Scalar> ambg { 1.000000 }
  <Scalar> ambb { 1.000000 }
  <Scalar> emitr { 0.000000 }
  <Scalar> emitg { 0.000000 }
  <Scalar> emitb { 0.000000 }
}

<Material> default.002 {
  <Scalar> diffr { 1.000000 }
  <Scalar> diffg { 1.000000 }
  <Scalar> diffb { 1.000000 }
  <Scalar> specr { 0.000000 }
  <Scalar> specg { 0.000000 }
  <Scalar> specb { 0.000000 }
  <Scalar> shininess { 0.25 }
  <Scalar> ambr { 1.000000 }
  <Scalar> ambg { 1.000000 }
  <Scalar> ambb { 1.000000 }
  <Scalar> emitr { 0.000000 }
  <Scalar> emitg { 0.000000 }
  <Scalar> emitb { 0.000000 }
}

<Texture> c_arm {
  "./tex/c_arm.jpg"
  <Scalar> envtype { MODULATE }
  <Scalar> minfilter { LINEAR_MIPMAP_LINEAR }
  <Scalar> magfilter { LINEAR_MIPMAP_LINEAR }
  <Scalar> wrap { REPEAT }
}

<Texture> shoe {
  "./tex/shoe.jpg"
  <Scalar> envtype { MODULATE }
  <Scalar> minfilter { LINEAR_MIPMAP_LINEAR }
  <Scalar> magfilter { LINEAR_MIPMAP_LINEAR }
  <Scalar> wrap { REPEAT }
}

<Texture> hand {
  "./tex/hand.jpg"
  <Scalar> envtype { MODULATE }
  <Scalar> minfilter { LINEAR_MIPMAP_LINEAR }
  <Scalar> magfilter { LINEAR_MIPMAP_LINEAR }
  <Scalar> wrap { REPEAT }
}

<Texture> c_sleeve {
  "./tex/c_sleeve.jpg"
  <Scalar> envtype { MODULATE }
  <Scalar> minfilter { LINEAR_MIPMAP_LINEAR }
  <Scalar> magfilter { LINEAR_MIPMAP_LINEAR }
  <Scalar> wrap { REPEAT }
}

<Texture> c_leg {
  "./tex/c_leg.jpg"
  <Scalar> envtype { MODULATE }
  <Scalar> minfilter { LINEAR_MIPMAP_LINEAR }
  <Scalar> magfilter { LINEAR_MIPMAP_LINEAR }
  <Scalar> wrap { REPEAT }
}

<Texture> c_blazer {
  "./tex/c_blazer.jpg"
  <Scalar> envtype { MODULATE }
  <Scalar> minfilter { LINEAR_MIPMAP_LINEAR }
  <Scalar> magfilter { LINEAR_MIPMAP_LINEAR }
  <Scalar> wrap { REPEAT }
}

  <Group> TTR_suitA {
    <Dart> { 1 }
    <Joint> def_head {
      <Transform> {
        <Matrix4> {
          1.0 0.0 0.0 0.0 
          0.0 1.0 0.0 0.0 
          0.0 0.0 1.0 0.0 
          -1.8626450382086546e-09 0.0 6.058050155639648 1.0 
        }
      }
    }
    <Joint> def_joint_left_hold {
      <Transform> {
        <Matrix4> {
          0.9982008337974548 0.05981428176164627 -0.004160335753113031 0.0 
          -0.05983305722475052 0.9981981515884399 -0.004545689094811678 0.0 
          0.003880942240357399 0.004786435980349779 0.9999810457229614 0.0 
          -3.8685998916625977 -0.06619025021791458 5.388400077819824 1.0 
        }
      }
    }
    <Joint> def_joint_right_hold {
      <Transform> {
        <Matrix4> {
          0.9999924302101135 -0.0038938713259994984 -7.000591267569689e-06 0.0 
          0.003893852699548006 0.9999909400939941 -0.0017771723214536905 0.0 
          1.3920607671025209e-05 0.001777131576091051 0.9999984502792358 0.0 
          4.623224258422852 -0.1287369728088379 5.333095550537109 1.0 
        }
      }
    }
    <Joint> def_left_ankle {
      <Transform> {
        <Matrix4> {
          1.0 3.870578098030819e-07 0.0 0.0 
          -3.870578098030819e-07 1.0 0.0 0.0 
          0.0 0.0 1.0 0.0 
          -0.4377875030040741 -0.09978850185871124 0.07941100001335144 1.0 
        }
      }
      <VertexRef> {
        86 87 89 96 97 98 99 100 101 104 105 107 114 115 118 126 127 128 129 130 132 152 153 155
        <Scalar> membership { 1.000000 }  <Ref> { Untitled }
      }
      <VertexRef> {
        134 135 138 146 147 150
        <Scalar> membership { 0.300000 }  <Ref> { Untitled }
      }
      <Joint> def_left_ball {
        <Transform> {
          <Matrix4> {
            1.0 -3.870578098030819e-07 0.0 0.0 
            3.870578098030819e-07 1.0 0.0 0.0 
            0.0 0.0 1.0 0.0 
            -8.821601227282372e-09 0.46198248863220215 0.0 1.0 
          }
        }
        <VertexRef> {
          78 79 80 81 82 83 84 85 88 90 91 92 93 94 95 102 103 106 108 109 110 111 112 113 116 117 119 120 121 122 123 124 125 131 133 136 137 139 140 141 142 143 144 145 148 149 151 154
          <Scalar> membership { 1.000000 }  <Ref> { Untitled }
        }
        <VertexRef> {
          134 135 138 146 147 150
          <Scalar> membership { 0.700000 }  <Ref> { Untitled }
        }
      }
    }
    <Joint> def_left_coat {
      <Transform> {
        <Matrix4> {
          -0.9999997019767761 9.371188934892416e-05 0.0007616542279720306 0.0 
          -0.00013416828005574644 -0.9985787272453308 -0.053295016288757324 0.0 
          0.0007556662894785404 -0.053292885422706604 0.9985578060150146 0.0 
          -0.39970076084136963 -0.035466767847537994 3.0993998050689697 1.0 
        }
      }
      <VertexRef> {
        17 18 40 43 100 103
        <Scalar> membership { 0.500000 }  <Ref> { torso }
      }
      <Joint> def_left_coat_back {
        <Transform> {
          <Matrix4> {
            1.0 -3.08173184748739e-07 9.207687071466353e-06 0.0 
            3.0815863283351064e-07 1.0000001192092896 1.172440533991903e-06 0.0 
            -9.207563380186912e-06 -1.1755070090657682e-06 1.0000001192092896 0.0 
            0.03546062484383583 0.7718653678894043 0.03932299464941025 1.0 
          }
        }
        <VertexRef> {
          15 99 113 114 117
          <Scalar> membership { 1.000000 }  <Ref> { torso }
        }
        <VertexRef> {
          16 19 119 120 123
          <Scalar> membership { 0.500000 }  <Ref> { torso }
        }
      }
      <Joint> def_left_coat_front {
        <Transform> {
          <Matrix4> {
            1.0 -2.878441591747105e-07 8.39399581309408e-06 0.0 
            2.8781869332306087e-07 1.0000001192092896 9.675648016127525e-07 0.0 
            -8.393839380005375e-06 -9.705067895993125e-07 1.0000001192092896 0.0 
            0.00823168084025383 -0.6514727473258972 -0.18125863373279572 1.0 
          }
        }
        <VertexRef> {
          20 44 125 126 167 168
          <Scalar> membership { 1.000000 }  <Ref> { torso }
        }
        <VertexRef> {
          16 19 119 120 123
          <Scalar> membership { 0.500000 }  <Ref> { torso }
        }
        <VertexRef> {
          33 128 161 162 165
          <Scalar> membership { 0.200000 }  <Ref> { torso }
        }
      }
    }
    <Joint> def_left_elbow {
      <Transform> {
        <Matrix4> {
          0.9996813535690308 -0.020467251539230347 -0.014773217029869556 0.0 
          0.014776470139622688 7.696449756622314e-06 0.999890923500061 0.0 
          -0.020464904606342316 -0.999790608882904 0.00030999048613011837 0.0 
          -2.5964484214782715 -0.0922364741563797 5.369605541229248 1.0 
        }
      }
      <Joint> def_left_sleeve_forearm {
        <Transform> {
          <Matrix4> {
            0.9981598258018494 0.011220482178032398 -0.059591613709926605 0.0 
            -0.05960381403565407 0.00075430644210428 -0.9982218146324158 0.0 
            -0.011155572719871998 0.9999366998672485 0.0014219272416085005 0.0 
            -0.1392316371202469 -3.143416620332573e-07 3.725290298461914e-09 1.0 
          }
        }
        <VertexRef> {
          26 27 29 30 31 34 38 39 41 42 43 46 62 63 65 66 67 70 92 93 95 96 97 100
          <Scalar> membership { 0.800000 }  <Ref> { arms }
        }
        <VertexRef> {
          3 4 17 18 20 21 24 25 28 44 45 47 68 69 71 72 73 76 98 99 101 102 103 106
          <Scalar> membership { 0.200000 }  <Ref> { arms }
        }
        <VertexRef> {
          181 184 185 186 187 190 192 194 195 200 201 203
          <Scalar> membership { 0.800000 }  <Ref> { Untitled }
        }
      }
    }
    <Joint> def_left_forearm {
      <Transform> {
        <Matrix4> {
          0.9992060661315918 0.03936922922730446 -0.006099943071603775 0.0 
          -0.03939032927155495 0.9992182850837708 -0.003378868568688631 0.0 
          0.0059621501713991165 0.0036164650227874517 0.9999756813049316 0.0 
          -3.868614435195923 -0.06619039922952652 5.388404846191406 1.0 
        }
      }
    }
    <Joint> def_left_hip {
      <Transform> {
        <Matrix4> {
          0.0007434709696099162 -0.17112569510936737 0.9852490425109863 0.0 
          0.9999998211860657 -9.363895514979959e-05 -0.0007710459758527577 0.0 
          0.00022420345339924097 0.9852492213249207 0.17112557590007782 0.0 
          -0.43515005707740784 -0.08431005477905273 3.4982001781463623 1.0 
        }
      }
      <VertexRef> {
        0 44 45 48 68 69
        <Scalar> membership { 0.320000 }  <Ref> { legs }
      }
      <VertexRef> {
        2 3 8 9 11 12 56 57 60 62 63 66
        <Scalar> membership { 0.400000 }  <Ref> { legs }
      }
      <VertexRef> {
        32 33 38 39 42 71
        <Scalar> membership { 0.590000 }  <Ref> { legs }
      }
      <VertexRef> {
        17 53
        <Scalar> membership { 0.010000 }  <Ref> { legs }
      }
      <VertexRef> {
        18 20 21 24 41 43 46 55 58 59 61 64
        <Scalar> membership { 0.560000 }  <Ref> { legs }
      }
      <VertexRef> {
        19 22 23 25 28 29 31 34 35 36 37 40
        <Scalar> membership { 1.000000 }  <Ref> { legs }
      }
      <VertexRef> {
        14 15 47 49 52 54
        <Scalar> membership { 0.360000 }  <Ref> { legs }
      }
      <VertexRef> {
        26 27 30 65 67 70
        <Scalar> membership { 0.570000 }  <Ref> { legs }
      }
    }
    <Joint> def_left_knee {
      <Transform> {
        <Matrix4> {
          0.0007762023597024381 0.15020298957824707 0.9886550903320312 0.0 
          0.9999998211860657 -9.354948997497559e-05 -0.0007710459758527577 0.0 
          -2.3325090296566486e-05 0.9886552095413208 -0.15020300447940826 0.0 
          -0.43631812930107117 0.18449153006076813 1.95058012008667 1.0 
        }
      }
      <VertexRef> {
        26 27 30 65 67 70
        <Scalar> membership { 0.430000 }  <Ref> { legs }
      }
      <VertexRef> {
        18 20 21 24 41 43 46 55 58 59 61 64
        <Scalar> membership { 0.440000 }  <Ref> { legs }
      }
      <VertexRef> {
        32 33 38 39 42 71
        <Scalar> membership { 0.410000 }  <Ref> { legs }
      }
      <VertexRef> {
        1 4 5 6 7 10 13 16 50 51
        <Scalar> membership { 1.000000 }  <Ref> { legs }
      }
      <VertexRef> {
        17 53
        <Scalar> membership { 0.990000 }  <Ref> { legs }
      }
      <VertexRef> {
        2 3 8 9 11 12 56 57 60 62 63 66
        <Scalar> membership { 0.600000 }  <Ref> { legs }
      }
      <VertexRef> {
        14 15 47 49 52 54
        <Scalar> membership { 0.640000 }  <Ref> { legs }
      }
      <VertexRef> {
        0 44 45 48 68 69
        <Scalar> membership { 0.680000 }  <Ref> { legs }
      }
    }
    <Joint> def_left_preShoulder {
      <Transform> {
        <Matrix4> {
          -0.9972370266914368 -0.06402187794446945 -0.037675753235816956 0.0 
          -0.06620803475379944 0.9960030317306519 0.05996229872107506 0.0 
          0.03368625044822693 0.062291037291288376 -0.9974893927574158 0.0 
          -1.6825742721557617 -0.1076233983039856 5.3490424156188965 1.0 
        }
      }
      <VertexRef> {
        0 7 8 9 10 12 50 51 53 54 55 58 80 81 83 84 85 88 110 111 113 114 115 118
        <Scalar> membership { 0.700000 }  <Ref> { arms }
      }
      <VertexRef> {
        1 2 6 56 57 59 86 87 89 116 117 119
        <Scalar> membership { 1.000000 }  <Ref> { arms }
      }
      <VertexRef> {
        11 14 15 74 75 78
        <Scalar> membership { 0.420000 }  <Ref> { arms }
      }
      <VertexRef> {
        5 13 16 19 22 23 48 49 52 77 79 82 104 105 107 108 109 112
        <Scalar> membership { 0.500000 }  <Ref> { arms }
      }
    }
    <Joint> def_left_shoulder {
      <Transform> {
        <Matrix4> {
          0.9997062683105469 -0.020512480288743973 -0.012909568846225739 0.0 
          0.012932357378304005 0.0009786648442968726 0.9999158978462219 0.0 
          -0.020498119294643402 -0.9997891187667847 0.0012436850229278207 0.0 
          -1.6709749698638916 -0.11120901256799698 5.355774402618408 1.0 
        }
      }
      <VertexRef> {
        5 13 16 19 22 23 48 49 52 77 79 82 104 105 107 108 109 112
        <Scalar> membership { 0.500000 }  <Ref> { arms }
      }
      <VertexRef> {
        0 7 8 9 10 12 50 51 53 54 55 58 80 81 83 84 85 88 110 111 113 114 115 118
        <Scalar> membership { 0.300000 }  <Ref> { arms }
      }
      <VertexRef> {
        11 14 15 74 75 78
        <Scalar> membership { 0.580000 }  <Ref> { arms }
      }
      <Joint> def_left_sleeve_uparm {
        <Transform> {
          <Matrix4> {
            0.9953476190567017 0.007866310887038708 0.09602851420640945 0.0 
            0.09601806104183197 0.001696394057944417 -0.9953781962394714 0.0 
            -0.007992854341864586 0.999967634677887 0.0009332047775387764 0.0 
            -0.826412558555603 0.0016783326864242554 1.6917940229177475e-05 1.0 
          }
        }
        <VertexRef> {
          26 27 29 30 31 34 38 39 41 42 43 46 62 63 65 66 67 70 92 93 95 96 97 100
          <Scalar> membership { 0.200000 }  <Ref> { arms }
        }
        <VertexRef> {
          3 4 17 18 20 21 24 25 28 44 45 47 68 69 71 72 73 76 98 99 101 102 103 106
          <Scalar> membership { 0.800000 }  <Ref> { arms }
        }
        <VertexRef> {
          181 184 185 186 187 190 192 194 195 200 201 203
          <Scalar> membership { 0.200000 }  <Ref> { Untitled }
        }
      }
    }
    <Joint> def_left_sleeve_end {
      <Transform> {
        <Matrix4> {
          0.9996424913406372 0.0045583476312458515 -0.026345079764723778 0.0 
          0.0001556873321533203 0.9843501448631287 0.1762242466211319 0.0 
          0.026736069470643997 -0.17616534233093262 0.9839973449707031 0.0 
          -3.877568006515503 -0.0666290745139122 5.388436794281006 1.0 
        }
      }
      <VertexRef> {
        32 33 35 36 37 40 60 61 64 90 91 94
        <Scalar> membership { 1.000000 }  <Ref> { arms }
      }
      <VertexRef> {
        180 182 183 188 189 191 193 196 197 198 199 202
        <Scalar> membership { 1.000000 }  <Ref> { Untitled }
      }
    }
    <Joint> def_left_wrist {
      <Transform> {
        <Matrix4> {
          0.9982008337974548 0.05981386452913284 -0.004160297568887472 0.0 
          -0.059832632541656494 0.9981980919837952 -0.0045445021241903305 0.0 
          0.0038809766992926598 0.00478524761274457 0.9999810457229614 0.0 
          -3.8685998916625977 -0.06619025021791458 5.388400077819824 1.0 
        }
      }
      <VertexRef> {
        1 26 27 66 97 100 198
        <Scalar> membership { 0.850000 }  <Ref> { hands }
      }
      <VertexRef> {
        4 7 8 10 17 24 41 68 69 110 111 126 128 129 139 142 143 170 171 173 186 191 193 194 195 196 224 225 227 228 229 232
        <Scalar> membership { 0.500000 }  <Ref> { hands }
      }
      <VertexRef> {
        2 16 38 39 42 44 45 50 51 53 83 119 200 201 204
        <Scalar> membership { 0.800000 }  <Ref> { hands }
      }
      <VertexRef> {
        13 25 28 29 37 40 127 130 131 138 140 141 187 188 189 190 192 199 202 203 205 208 218 219 221 222 223 226
        <Scalar> membership { 1.000000 }  <Ref> { hands }
      }
      <VertexRef> {
        15 61 64 113 116 117 182 183
        <Scalar> membership { 0.600000 }  <Ref> { hands }
      }
      <VertexRef> {
        0 65 79 82 101 185
        <Scalar> membership { 0.580000 }  <Ref> { hands }
      }
      <VertexRef> {
        3 5 6 9 11 168 169 172 197 230 231 233
        <Scalar> membership { 0.200000 }  <Ref> { hands }
      }
      <VertexRef> {
        156 157 160 162 163 166 168 169 172 174 175 178
        <Scalar> membership { 0.200000 }  <Ref> { Untitled }
      }
      <Joint> def_left_midA {
        <Transform> {
          <Matrix4> {
            1.0 4.1803286876529455e-07 -3.541936166584492e-08 0.0 
            -4.1541898099239916e-07 1.0 -1.1807569535449147e-06 0.0 
            3.5332050174474716e-08 1.1815427569672465e-06 1.0 0.0 
            -0.6433383822441101 0.20033374428749084 0.05956237018108368 1.0 
          }
        }
        <VertexRef> {
          32 33 35 43 46 47 60 62 63 78 80 81 85 88 89 114 115 118 144 146 147 151 154 155
          <Scalar> membership { 0.500000 }  <Ref> { hands }
        }
        <VertexRef> {
          0 65 79 82 101 185
          <Scalar> membership { 0.210000 }  <Ref> { hands }
        }
        <VertexRef> {
          2 15 16 38 39 42 44 45 50 51 53 61 64 83 113 116 117 119 182 183 200 201 204
          <Scalar> membership { 0.200000 }  <Ref> { hands }
        }
        <Joint> def_left_midB {
          <Transform> {
            <Matrix4> {
              0.9999999403953552 -7.993548933882266e-08 -8.993083611130714e-09 0.0 
              8.150709618348628e-08 0.9999999403953552 -3.1078525353223085e-07 0.0 
              9.313225746154785e-09 3.111053956672549e-07 0.9999998807907104 0.0 
              -0.36848488450050354 -7.264316082000732e-08 -4.7602225095033646e-07 1.0 
            }
          }
          <VertexRef> {
            18 19 20 21 22 23 30 31 34 84 86 87 145 148 149 150 152 153
            <Scalar> membership { 1.000000 }  <Ref> { hands }
          }
          <VertexRef> {
            32 33 35 43 46 47 60 62 63 78 80 81 85 88 89 114 115 118 144 146 147 151 154 155
            <Scalar> membership { 0.500000 }  <Ref> { hands }
          }
        }
      }
      <Joint> def_left_pinkyA {
        <Transform> {
          <Matrix4> {
            1.0 4.180346877546981e-07 -3.5885022953152657e-08 0.0 
            -4.1543535189703107e-07 1.0 -1.1770316632464528e-06 0.0 
            3.5797711461782455e-08 1.1777738109230995e-06 1.0 0.0 
            -0.6433376669883728 -0.14823070168495178 0.059562403708696365 1.0 
          }
        }
        <VertexRef> {
          17 24 41 67 68 69 70 71 96 98 99 102 104 105 108 109 110 111 112 121 124 125 134 135 137 176 177 179 180 181 184 186
          <Scalar> membership { 0.500000 }  <Ref> { hands }
        }
        <VertexRef> {
          1 26 27 66 97 100 198
          <Scalar> membership { 0.150000 }  <Ref> { hands }
        }
        <VertexRef> {
          0 65 79 82 101 185
          <Scalar> membership { 0.210000 }  <Ref> { hands }
        }
        <VertexRef> {
          15 61 64 113 116 117 182 183
          <Scalar> membership { 0.200000 }  <Ref> { hands }
        }
        <Joint> def_left_pinkyB {
          <Transform> {
            <Matrix4> {
              0.9999999403953552 1.9689596229000017e-06 3.7834979593753815e-10 0.0 
              -1.967837306438014e-06 0.9999998807907104 -2.176966518163681e-07 0.0 
              8.731149137020111e-11 2.195447450503707e-07 0.9999998807907104 0.0 
              -0.36848482489585876 -4.936009645462036e-08 9.895302355289459e-08 1.0 
            }
          }
          <VertexRef> {
            54 55 56 57 58 59 103 106 107 120 122 123 132 133 136 174 175 178
            <Scalar> membership { 1.000000 }  <Ref> { hands }
          }
          <VertexRef> {
            67 70 71 96 98 99 102 104 105 108 109 112 121 124 125 134 135 137 176 177 179 180 181 184
            <Scalar> membership { 0.500000 }  <Ref> { hands }
          }
        }
      }
      <Joint> def_left_preWrist {
        <Transform> {
          <Matrix4> {
            1.0 2.002670953515917e-07 3.374589141458273e-07 0.0 
            -2.0014158508274704e-07 1.0 -9.903887985274196e-07 0.0 
            -3.3777905628085136e-07 9.907962521538138e-07 1.0 0.0 
            0.07086919248104095 -0.015253745019435883 -0.011033399030566216 1.0 
          }
        }
        <VertexRef> {
          4 7 8 10 126 128 129 139 142 143 170 171 173 191 193 194 195 196 224 225 227 228 229 232
          <Scalar> membership { 0.500000 }  <Ref> { hands }
        }
        <VertexRef> {
          3 5 6 9 11 168 169 172 197 230 231 233
          <Scalar> membership { 0.800000 }  <Ref> { hands }
        }
        <VertexRef> {
          158 159 161 164 165 167 170 171 173 176 177 179
          <Scalar> membership { 1.000000 }  <Ref> { Untitled }
        }
        <VertexRef> {
          156 157 160 162 163 166 168 169 172 174 175 178
          <Scalar> membership { 0.800000 }  <Ref> { Untitled }
        }
      }
      <Joint> def_left_thumbB {
        <Transform> {
          <Matrix4> {
            0.6137460470199585 -0.7895035743713379 8.135102689266205e-07 0.0 
            0.7895035743713379 0.6137462258338928 -6.670597940683365e-07 0.0 
            2.6891939342021942e-08 1.0521325748413801e-06 1.0 0.0 
            -0.3045208156108856 0.34759989380836487 0.05956215411424637 1.0 
          }
        }
        <VertexRef> {
          12 14 36 48 49 52 72 73 76 91 94 95 158 159 161 206 207 209 212 213 215 216 217 220
          <Scalar> membership { 0.300000 }  <Ref> { hands }
        }
        <Joint> def_left_thumbC {
          <Transform> {
            <Matrix4> {
              1.0 -6.890172699058894e-07 4.454050213098526e-07 0.0 
              6.537375156767666e-07 1.0 -1.046573743224144e-06 0.0 
              -4.4587068259716034e-07 1.0463409125804901e-06 1.0 0.0 
              -0.16913455724716187 -0.0010997951030731201 -4.7462526708841324e-07 1.0 
            }
          }
          <VertexRef> {
            12 14 36 48 49 52 72 73 76 91 94 95 158 159 161 206 207 209 212 213 215 216 217 220
            <Scalar> membership { 0.700000 }  <Ref> { hands }
          }
          <VertexRef> {
            74 75 77 90 92 93 156 157 160 162 163 164 165 166 167 210 211 214
            <Scalar> membership { 1.000000 }  <Ref> { hands }
          }
        }
      }
    }
    <Joint> def_nameTag {
      <Transform> {
        <Matrix4> {
          1.0 0.0 0.0 0.0 
          0.0 1.0 0.0 0.0 
          0.0 0.0 1.0 0.0 
          0.0 0.0 0.0 1.0 
        }
      }
    }
    <Joint> def_pelvis {
      <Transform> {
        <Matrix4> {
          1.0 0.0 0.0 0.0 
          0.0 1.0 0.0 0.0 
          0.0 0.0 1.0 0.0 
          6.619425146903168e-11 0.0 3.525399923324585 1.0 
        }
      }
      <VertexRef> {
        34 37 47 48 63 75 76 79 80 82 85 86 107 108 110 112 115 116 118 121 122 124 127 152 154 157
        <Scalar> membership { 1.000000 }  <Ref> { torso }
      }
      <VertexRef> {
        33 50 128 158 161 162 164 165 166 169
        <Scalar> membership { 0.800000 }  <Ref> { torso }
      }
      <VertexRef> {
        4 35 36 134 136 139 140 155 156 159 160 163
        <Scalar> membership { 0.300000 }  <Ref> { torso }
      }
      <VertexRef> {
        5 22 25 26 32 38 64 65 66 67 69 77 78 81 83 84 130 133 146 148 149 150 151 153
        <Scalar> membership { 0.200000 }  <Ref> { torso }
      }
      <Joint> def_spineB {
        <Transform> {
          <Matrix4> {
            1.0 0.0 0.0 0.0 
            0.0 1.0 0.0 0.0 
            0.0 0.0 1.0 0.0 
            0.0 0.0 0.8527076244354248 1.0 
          }
        }
        <VertexRef> {
          4 35 36 134 136 139 140 155 156 159 160 163
          <Scalar> membership { 0.700000 }  <Ref> { torso }
        }
        <VertexRef> {
          1 2 3 14 28 31 52 55 58 61 131 132 135 137 138
          <Scalar> membership { 0.540000 }  <Ref> { torso }
        }
        <VertexRef> {
          5 22 25 26 32 38 64 65 66 67 69 77 78 81 83 84 130 133 146 148 149 150 151 153
          <Scalar> membership { 0.800000 }  <Ref> { torso }
        }
        <Joint> def_cageA {
          <Transform> {
            <Matrix4> {
              1.0 0.0 0.0 0.0 
              0.0 1.0 0.0 0.0 
              0.0 0.0 1.0 0.0 
              0.0 -2.9802322387695312e-08 1.0436124801635742 1.0 
            }
          }
          <VertexRef> {
            1 2 3 14 28 31 52 55 58 61 131 132 135 137 138
            <Scalar> membership { 0.460000 }  <Ref> { torso }
          }
          <VertexRef> {
            29 30 71 72
            <Scalar> membership { 0.040000 }  <Ref> { torso }
          }
          <VertexRef> {
            13 129 143 144 147
            <Scalar> membership { 0.030000 }  <Ref> { torso }
          }
          <VertexRef> {
            21 23 24 68 70 73 88 91 92 94 97 142 145
            <Scalar> membership { 0.900000 }  <Ref> { torso }
          }
          <Joint> def_left_forShoulder {
            <Transform> {
              <Matrix4> {
                1.0 0.0 0.0 0.0 
                0.0 0.9999999403953552 0.0 0.0 
                0.0 0.0 1.0 0.0 
                -1.6709749698638916 -0.11120843887329102 -0.06592559814453125 1.0 
              }
            }
            <VertexRef> {
              7 27 56 74 87
              <Scalar> membership { 1.000000 }  <Ref> { torso }
            }
            <VertexRef> {
              29 30 71 72
              <Scalar> membership { 0.960000 }  <Ref> { torso }
            }
          }
          <Joint> def_right_forShoulder {
            <Transform> {
              <Matrix4> {
                1.0 0.0 0.0 0.0 
                0.0 1.0 0.0 0.0 
                0.0 0.0 1.0 0.0 
                1.6126099824905396 -0.11234021186828613 -0.06745338439941406 1.0 
              }
            }
            <VertexRef> {
              10 12 57 98 141
              <Scalar> membership { 1.000000 }  <Ref> { torso }
            }
            <VertexRef> {
              13 129 143 144 147
              <Scalar> membership { 0.970000 }  <Ref> { torso }
            }
          }
          <Joint> def_toHead {
            <Transform> {
              <Matrix4> {
                1.0 0.0 0.0 0.0 
                0.0 1.0 0.0 0.0 
                0.0 0.0 1.0 0.0 
                0.0 0.0 0.636347770690918 1.0 
              }
            }
            <VertexRef> {
              0 6 8 9 11 51 53 54 59 60 62 89 90 93 95 96
              <Scalar> membership { 1.000000 }  <Ref> { torso }
            }
            <VertexRef> {
              21 23 24 68 70 73 88 91 92 94 97 142 145
              <Scalar> membership { 0.100000 }  <Ref> { torso }
            }
            <VertexRef> {
              204 205 206 207 208 209 210 211 212
              <Scalar> membership { 1.000000 }  <Ref> { Untitled }
            }
          }
        }
        <Joint> def_joint_attachMeter {
          <Transform> {
            <Matrix4> {
              1.0 0.0 0.0 0.0 
              0.0 0.9758972525596619 -0.21823042631149292 0.0 
              0.0 0.21823042631149292 0.9758972525596619 0.0 
              1.8626448161640496e-09 0.8548223972320557 0.45899534225463867 1.0 
            }
          }
        }
      }
    }
    <Joint> def_right_ankle {
      <Transform> {
        <Matrix4> {
          1.0 0.0 0.0 0.0 
          0.0 1.0 0.0 0.0 
          0.0 0.0 1.0 0.0 
          0.38597750663757324 -0.09978850185871124 0.07941100001335144 1.0 
        }
      }
      <VertexRef> {
        7 10 11 13 14 15 16 17 24 25 26 27 28 29 31 34 35 42 44 45 71 73 76 77
        <Scalar> membership { 1.000000 }  <Ref> { Untitled }
      }
      <VertexRef> {
        59 61 64 68 69 72
        <Scalar> membership { 0.300000 }  <Ref> { Untitled }
      }
      <Joint> def_right_ball {
        <Transform> {
          <Matrix4> {
            1.0 0.0 0.0 0.0 
            0.0 1.0 0.0 0.0 
            0.0 0.0 1.0 0.0 
            0.0 0.46198248863220215 0.0 1.0 
          }
        }
        <VertexRef> {
          0 1 2 3 4 5 6 8 9 12 18 19 20 21 22 23 30 32 33 36 37 38 39 40 41 43 46 47 48 49 50 51 52 53 54 55 56 57 58 60 62 63 65 66 67 70 74 75
          <Scalar> membership { 1.000000 }  <Ref> { Untitled }
        }
        <VertexRef> {
          59 61 64 68 69 72
          <Scalar> membership { 0.700000 }  <Ref> { Untitled }
        }
      }
    }
    <Joint> def_right_coat {
      <Transform> {
        <Matrix4> {
          -0.9999973177909851 0.0002722806530073285 0.0022696536034345627 0.0 
          -0.00037028660881333053 -0.9990625977516174 -0.04329022765159607 0.0 
          0.0022554853931069374 -0.04329240694642067 0.9990769028663635 0.0 
          0.42856937646865845 -0.03547922521829605 3.0993499755859375 1.0 
        }
      }
      <VertexRef> {
        17 18 40 43 100 103
        <Scalar> membership { 0.500000 }  <Ref> { torso }
      }
      <Joint> def_right_coat_back {
        <Transform> {
          <Matrix4> {
            1.0 1.6340345609933138e-07 -9.574199793860316e-06 0.0 
            -1.633961801417172e-07 1.0 -2.760950224001135e-07 0.0 
            9.574093382980209e-06 2.7851655204358394e-07 1.0 0.0 
            0.05827973410487175 0.7719025015830994 0.04058108478784561 1.0 
          }
        }
        <VertexRef> {
          101 102 105 111
          <Scalar> membership { 1.000000 }  <Ref> { torso }
        }
        <VertexRef> {
          39 45 104 106 109
          <Scalar> membership { 0.500000 }  <Ref> { torso }
        }
      }
      <Joint> def_right_coat_front {
        <Transform> {
          <Matrix4> {
            1.0 1.9756407709792256e-07 -1.1102490134362597e-05 0.0 
            -1.9754224922508001e-07 0.9999999403953552 -4.771846420226211e-07 0.0 
            1.1102571079391055e-05 4.839735083805863e-07 1.0 0.0 
            0.0743391364812851 -0.650209903717041 -0.18061137199401855 1.0 
          }
        }
        <VertexRef> {
          41 42 46 49 170
          <Scalar> membership { 1.000000 }  <Ref> { torso }
        }
        <VertexRef> {
          39 45 104 106 109
          <Scalar> membership { 0.500000 }  <Ref> { torso }
        }
        <VertexRef> {
          50 158 164 166 169
          <Scalar> membership { 0.200000 }  <Ref> { torso }
        }
      }
    }
    <Joint> def_right_elbow {
      <Transform> {
        <Matrix4> {
          -0.9999780654907227 0.005892875138670206 -0.003010697662830353 0.0 
          0.0030107498168945312 5.2153154683765024e-08 -0.9999954700469971 0.0 
          -0.0058928485959768295 -0.9999825954437256 -1.7850996300694533e-05 0.0 
          2.550999879837036 -0.11787000298500061 5.357075214385986 1.0 
        }
      }
      <Joint> def_right_sleeve_forearm {
        <Transform> {
          <Matrix4> {
            -0.9999933838844299 0.0030224730726331472 -0.0020026899874210358 0.0 
            0.002008094685152173 0.0017863448010757565 -0.9999963045120239 0.0 
            -0.0030188849195837975 -0.9999938011169434 -0.0017923688283190131 0.0 
            -0.1302972435951233 -6.331946451609838e-07 -1.8058926798403263e-08 1.0 
          }
        }
        <VertexRef> {
          192 194 195 198 200 201 204 206 207 210 212 213 216 218 219 222 224 225 228 230 231 234 236 237
          <Scalar> membership { 0.800000 }  <Ref> { arms }
        }
        <VertexRef> {
          121 122 126 127 130 144 146 147 150 152 153 191 193 196 197 199 202 203 205 208 209 211 214 215
          <Scalar> membership { 0.200000 }  <Ref> { arms }
        }
        <VertexRef> {
          237 239 240 243 244 247 250 253 254 257 258 260
          <Scalar> membership { 0.800000 }  <Ref> { Untitled }
        }
      }
    }
    <Joint> def_right_forearm {
      <Transform> {
        <Matrix4> {
          -0.9999780654907227 0.005892875604331493 -0.003010697662830353 0.0 
          0.0030107498168945312 4.4702574086841196e-08 -0.9999954700469971 0.0 
          -0.0058928485959768295 -0.9999825954437256 -1.7836095139500685e-05 0.0 
          3.9043827056884766 -0.125845268368721 5.36115026473999 1.0 
        }
      }
    }
    <Joint> def_right_hip {
      <Transform> {
        <Matrix4> {
          0.002179114380851388 -0.17111055552959442 0.9852496385574341 0.0 
          0.9999976754188538 -0.00027240091003477573 -0.0022592549212276936 0.0 
          0.0006549651734530926 0.9852519035339355 0.17110949754714966 0.0 
          0.3937050402164459 -0.08431001007556915 3.498199939727783 1.0 
        }
      }
      <VertexRef> {
        79 82 83 96 97 100 122 123 125 140 141 143
        <Scalar> membership { 1.000000 }  <Ref> { legs }
      }
      <VertexRef> {
        78 80 81 91 94 95 98 99 101 102 103 106 116 117 119 120 121 124 134 135 137 138 139 142
        <Scalar> membership { 0.800000 }  <Ref> { legs }
      }
      <VertexRef> {
        73 76 77 85 88 89 90 92 93 104 105 107 108 109 112 114 115 118 128 129 131 132 133 136
        <Scalar> membership { 0.200000 }  <Ref> { legs }
      }
    }
    <Joint> def_right_knee {
      <Transform> {
        <Matrix4> {
          0.0022743751760572195 0.15019024908542633 0.988654613494873 0.0 
          0.9999977350234985 -0.0002727508544921875 -0.002259255386888981 0.0 
          -6.966129876673222e-05 0.9886571168899536 -0.15019047260284424 0.0 
          0.3902827501296997 0.18446844816207886 1.9505785703659058 1.0 
        }
      }
      <VertexRef> {
        72 74 75 84 86 87 110 111 113 126 127 130
        <Scalar> membership { 1.000000 }  <Ref> { legs }
      }
      <VertexRef> {
        78 80 81 91 94 95 98 99 101 102 103 106 116 117 119 120 121 124 134 135 137 138 139 142
        <Scalar> membership { 0.200000 }  <Ref> { legs }
      }
      <VertexRef> {
        73 76 77 85 88 89 90 92 93 104 105 107 108 109 112 114 115 118 128 129 131 132 133 136
        <Scalar> membership { 0.800000 }  <Ref> { legs }
      }
    }
    <Joint> def_right_preShoulder {
      <Transform> {
        <Matrix4> {
          0.9967145323753357 -0.06943465024232864 -0.0417015440762043 0.0 
          -0.04158591851592064 0.0031104376539587975 -0.999130129814148 0.0 
          0.06950394809246063 0.9975817203521729 0.0002126055769622326 0.0 
          1.6126124858856201 -0.11234025657176971 5.354249954223633 1.0 
        }
      }
      <VertexRef> {
        123 124 139 142 143 169 172 173 175 178 179 180
        <Scalar> membership { 1.000000 }  <Ref> { arms }
      }
      <VertexRef> {
        120 128 129 131 132 134 135 145 148 149 151 154 155 156 158 159 162 164 165 185 187 188 189 190
        <Scalar> membership { 0.500000 }  <Ref> { arms }
      }
      <VertexRef> {
        125 133 136 137 138 140 141 157 160 161 163 166 167 168 170 171 174 176 177 181 182 183 184 186
        <Scalar> membership { 0.700000 }  <Ref> { arms }
      }
    }
    <Joint> def_right_shoulder {
      <Transform> {
        <Matrix4> {
          -0.9999780654907227 0.005892756395041943 -0.003011533059179783 0.0 
          0.0030115842819213867 -1.1175779945915565e-07 -0.9999954700469971 0.0 
          -0.005892730318009853 -0.9999825954437256 -1.765196975611616e-05 0.0 
          1.6126124858856201 -0.11234024912118912 5.354249477386475 1.0 
        }
      }
      <VertexRef> {
        120 128 129 131 132 134 135 145 148 149 151 154 155 156 158 159 162 164 165 185 187 188 189 190
        <Scalar> membership { 0.500000 }  <Ref> { arms }
      }
      <VertexRef> {
        125 133 136 137 138 140 141 157 160 161 163 166 167 168 170 171 174 176 177 181 182 183 184 186
        <Scalar> membership { 0.300000 }  <Ref> { arms }
      }
      <Joint> def_right_sleeve_uparm {
        <Transform> {
          <Matrix4> {
            -0.9999933838844299 0.0030223089270293713 -0.0020027640275657177 0.0 
            0.0020081689581274986 0.0017862051026895642 -0.9999966025352478 0.0 
            -0.003018720541149378 -0.9999939203262329 -0.0017923269188031554 0.0 
            -0.8340165019035339 -7.931859727250412e-06 -0.0312807634472847 1.0 
          }
        }
        <VertexRef> {
          192 194 195 198 200 201 204 206 207 210 212 213 216 218 219 222 224 225 228 230 231 234 236 237
          <Scalar> membership { 0.200000 }  <Ref> { arms }
        }
        <VertexRef> {
          121 122 126 127 130 144 146 147 150 152 153 191 193 196 197 199 202 203 205 208 209 211 214 215
          <Scalar> membership { 0.800000 }  <Ref> { arms }
        }
        <VertexRef> {
          237 239 240 243 244 247 250 253 254 257 258 260
          <Scalar> membership { 0.200000 }  <Ref> { Untitled }
        }
      }
    }
    <Joint> def_right_sleeve_end {
      <Transform> {
        <Matrix4> {
          -0.9999780654907227 0.005892637185752392 -0.00301069812849164 0.0 
          0.003010750049725175 1.4901161193847656e-08 -0.9999954700469971 0.0 
          -0.005892610643059015 -0.9999825954437256 -1.7775773812900297e-05 0.0 
          3.9043774604797363 -0.12584525346755981 5.361151218414307 1.0 
        }
      }
      <VertexRef> {
        217 220 221 223 226 227 229 232 233 235 238 239
        <Scalar> membership { 1.000000 }  <Ref> { arms }
      }
      <VertexRef> {
        238 241 242 245 246 248 249 251 252 255 256 259
        <Scalar> membership { 1.000000 }  <Ref> { Untitled }
      }
    }
    <Joint> def_right_wrist {
      <Transform> {
        <Matrix4> {
          0.9999924302101135 -0.0038945237174630165 -7.003983228059951e-06 0.0 
          0.003894505091011524 0.9999908208847046 -0.0017751312116160989 0.0 
          1.3917209798819385e-05 0.0017750904662534595 0.9999984502792358 0.0 
          3.911674976348877 -0.1259167641401291 5.361173629760742 1.0 
        }
      }
      <VertexRef> {
        243 308 309 431 452 453 456
        <Scalar> membership { 0.850000 }  <Ref> { hands }
      }
      <VertexRef> {
        236 241 263 313 316 330 335 361 362 363 364 373 376 377 378 380 381 420 421 424 433 436 437 439 442 443 444 445 448 455 457 460
        <Scalar> membership { 0.500000 }  <Ref> { hands }
      }
      <VertexRef> {
        234 245 259 262 264 265 268 323 384 386 387 390 408 428 429
        <Scalar> membership { 0.800000 }  <Ref> { hands }
      }
      <VertexRef> {
        238 260 261 331 332 333 334 360 366 368 369 372 374 375 392 393 422 423 425 426 427 430 446 447 449 450 451 454
        <Scalar> membership { 1.000000 }  <Ref> { hands }
      }
      <VertexRef> {
        235 244 282 284 285 311 317 319 322 396 397 400 409 412
        <Scalar> membership { 0.600000 }  <Ref> { hands }
      }
      <VertexRef> {
        240 242 365 379 382 383 432 434 435 438 440 441
        <Scalar> membership { 0.200000 }  <Ref> { hands }
      }
      <VertexRef> {
        214 217 218 220 223 224 226 229 230 232 235 236
        <Scalar> membership { 0.200000 }  <Ref> { Untitled }
      }
      <Joint> def_right_midA {
        <Transform> {
          <Matrix4> {
            1.0 7.153428782658011e-07 4.552020982373506e-09 0.0 
            -7.151484737732972e-07 1.0 -2.041285142695415e-06 0.0 
            -4.553839971777052e-09 2.0414233858900843e-06 1.0 0.0 
